loyal-strait 0.5505963371424393 0.6939370448168012 0.19616167188303235 0.6065627346517816
marinated-block 0.8093242778625852 0.5362916006305244 0.3701865747348181 0.6572299929547332
chewy-bongo 0.4180239862586461 0.032684660644396124 0.35345245330398756 0.6812278120512152
buoyant-vibration 0.07078258829170658 0.47169366546976355 0.35189794166724286 0.14496492908616843
violet-density 0.8671421198648266 0.5932697983563523 0.11993689740680225 0.5242868096208654
beige-record 0.37898568562598756 0.9354391518751336 0.7609873563516262 0.6194054694029414
savage-valley 0.014102552066986296 0.055040945676704256 0.5589499990935062 0.5546159211808244
plumb-pumice 0.7167899899479881 0.7964143324681762 0.03468993139625953 0.2727362297222008
figurative-blower 0.7571246581368203 0.037268219153471005 0.06784039533764619 0.19409732212761
inclusive-aperture 0.05911579177473869 0.14822249312555302 0.9694057664537387 0.5224418126424267
